0.025633342212155075
0.0343
0.9788
0.025633342212155075
0.0343
0.9788
0.025633342212155075
0.0343
0.9788
0.025633342212155075
0.0343
0.9788
0.025633342212155075
0.0343
0.9788
0.025633342212155075
0.0343
0.9788
0.025633342212155075
0.0343
0.9788
0.025633342212155075
0.0343
0.9788
0.025633342212155075
0.0343
0.9788
0.02853384469767013
0.0491
0.9599
0.014763970478208932
0.0130
0.9941
0.012515292145642173
0.0175
0.9900
0.036799844232014184
0.0374
0.9717
0.05859678193713719
0.0562
0.9675
0.030736400536267302
0.0408
0.9755
0.029549509114525262
0.0239
0.9902
0.011674902671840055
0.0310
0.9816
0.08751083971460241
0.0658
0.9532
0.02283795061867041
0.0479
0.9600
0.017962872322119374
0.0213
0.9890
0.0029176379800737117
0.2833
0.7935
0.006065747480420527
0.0266
0.9815
0.006065747480420527
0.0266
0.9815
0.10951437158099014
0.5000
0.5000
0.9704168697417236
0.5000
0.5000
